481925144807
842351356845
797077311177
278237088097
391174416658
429533973037
686545548233
943736998144
985902164433
575643158415
24505649460
901250699842
451258184300
701649923294
425777813559
519481479020
628035557555
218791231791
934417506810
330023419206
346009081097
963356136233
219770691862
989488531220
259753838
528391926333
205292740713
9377555915
216714283200
756506248857
947880510590
399103909814
801898692432
306520570324
153301772425
114838764033
4890928917
130548381411
581972599117
228119152457
30764712533
258622313499
306125599212
152978428489
896983384858
343198864942
548575707252
4246641803
644878016518
752276628046
677903052960
941668233242
41785981543
622735043059
37345782251
521683279649
600903256018
714162104032
459151917687
120671065006
675371473749
278928443430
275130764223
564099678433
718759633737
877892198214
960242472927
285619786629
104239909098
937455693704
262982355589
219960708968
896054195575
981588430737
180166869356
162833670270
56373663263
813620879184
906582862496
890601332657
737324480199
240669415764
916872573132
884527877119
366967118569
665654719362
988001484431
316446770674
279835085496
405440455979
501184452585
438595268771
866302739603
294230261993
138169290295
449780935775
148541047946
586107295968
780282091665
170855503637
